testing raw counter from qcom
Big cores stopped, thread not pinned
ten second experiments. 


TO DO 
3-22 15:03:22.931 15690 15726 V Benchmark_thread:  temperatures = [28000.0, 28000.0, 28000.0, 28000.0, 28000.0, 28000.0, 27000.0, 27000.0, 27000.0, 27000.0, 27000.0, 27000.0, 27000.0, 27000.0, 27000.0, 27000.0, 27000.0, 27000.0, 27000.0, 27000.0]
03-22 15:03:22.931 15690 15726 V Benchmark_thread:  frequency_output_string =[1804800.0,1804800.0,1804800.0,1804800.0,1804800.0,1804800.0,1804800.0,1651200.0,1804800.0,1804800.0,1804800.0,1804800.0,1804800.0,1804800.0,1804800.0,1804800.0,1804800.0,1804800.0,1804800.0,1804800.0][1804800.0,1804800.0,1804800.0,1804800.0,1804800.0,1804800.0,1804800.0,1651200.0,1804800.0,1804800.0,1804800.0,1804800.0,1804800.0,1804800.0,1804800.0,1804800.0,1804800.0,1804800.0,1804800.0,1804800.0][1804800.0,1651200.0,1651200.0,1804800.0,1651200.0,1651200.0,1651200.0,1651200.0,1804800.0,1651200.0,1651200.0,1651200.0,1651200.0,1651200.0,1804800.0,1651200.0,1804800.0,1651200.0,1804800.0,1804800.0][1804800.0,1651200.0,1651200.0,1651200.0,1651200.0,1651200.0,1651200.0,1651200.0,1651200.0,1651200.0,1651200.0,1651200.0,1651200.0,1804800.0,1651200.0,1651200.0,1651200.0,1651200.0,1651200.0,1651200.0][1804800.0,1651200.0,1651200.0,1651200.0,1804800.0,1651200.0,1651200.0,1804800.0,1651200.0,1651200.0,1651200.0,1651200.0,1651200.0,1651200.0,1651200.0,1651200.0,1804800.0,1651200.0,1651200.0,1651200.0][1651200.0,1804800.0,1651200.0,1651200.0,1651200.0,1804800.0,1651200.0,1651200.0,1651200.0,1651200.0,1651200.0,1651200.0,1651200.0,1651200.0,1651200.0,1651200.0,1651200.0,1804800.0,1651200.0,1651200.0][1478400.0,1478400.0,1478400.0,1478400.0,1478400.0,1478400.0,1478400.0,1478400.0,1478400.0,1478400.0,1478400.0,1478400.0,1478400.0,1478400.0,1478400.0,1478400.0,1478400.0,1478400.0,1478400.0,1478400.0][806400.0,806400.0,806400.0,806400.0,806400.0,806400.0,806400.0,806400.0,806400.0,806400.0,806400.0,806400.0,806400.0,806400.0,806400.0,806400.0,806400.0,806400.0,806400.0,806400.0]
03-22 15:03:22.931 15690 15726 V Benchmark_thread:  experimient_charge_counters =[4032000.0, 4032000.0, 4032000.0, 4032000.0, 4032000.0, 4032000.0, 4032000.0, 4032000.0, 4032000.0, 4030790.0, 4029580.0, 4028774.0, 4027161.0, 4026355.0, 4025145.0, 4023532.0, 4022726.0, 4021516.0, 4019904.0, 4019097.0]





Conclusion: value is constant


testing raw counter from qcom
Big cores on, thread  pinned on core 7 from [0-7]
ten second experiments. 

TO DO
hmark_thread: 
03-22 14:44:17.920 13911 13947 V Benchmark_thread:  temperatures = [28000.0, 28000.0, 28000.0, 29000.0, 29000.0, 29000.0, 29000.0, 29000.0, 30000.0, 30000.0, 30000.0, 30000.0, 30000.0, 30000.0, 30000.0, 30000.0, 30000.0, 30000.0, 30000.0, 30000.0]
03-22 14:44:17.920 13911 13947 V Benchmark_thread:  frequency_output_string =[864000.0,576000.0,576000.0,576000.0,576000.0,576000.0,576000.0,576000.0,576000.0,576000.0,576000.0,576000.0,576000.0,576000.0,576000.0,576000.0,576000.0,576000.0,576000.0,576000.0][1363200.0,576000.0,576000.0,576000.0,576000.0,576000.0,576000.0,576000.0,576000.0,576000.0,576000.0,576000.0,576000.0,576000.0,576000.0,576000.0,576000.0,576000.0,576000.0,576000.0][1804800.0,576000.0,576000.0,576000.0,576000.0,576000.0,576000.0,576000.0,576000.0,576000.0,576000.0,576000.0,576000.0,576000.0,576000.0,576000.0,576000.0,576000.0,576000.0,576000.0][1804800.0,576000.0,576000.0,576000.0,576000.0,576000.0,576000.0,576000.0,576000.0,576000.0,576000.0,576000.0,576000.0,576000.0,576000.0,576000.0,576000.0,576000.0,576000.0,576000.0][1804800.0,576000.0,576000.0,576000.0,576000.0,576000.0,576000.0,576000.0,576000.0,576000.0,576000.0,576000.0,576000.0,576000.0,576000.0,576000.0,576000.0,576000.0,576000.0,576000.0][1804800.0,576000.0,576000.0,576000.0,576000.0,576000.0,576000.0,576000.0,576000.0,576000.0,576000.0,576000.0,576000.0,576000.0,576000.0,576000.0,576000.0,576000.0,576000.0,576000.0][652800.0,652800.0,1478400.0,652800.0,652800.0,652800.0,652800.0,652800.0,652800.0,652800.0,652800.0,652800.0,652800.0,652800.0,652800.0,652800.0,652800.0,652800.0,652800.0,652800.0][2400000.0,2400000.0,2400000.0,2400000.0,2400000.0,2400000.0,2400000.0,2400000.0,2400000.0,2400000.0,2400000.0,2400000.0,2400000.0,2400000.0,2400000.0,2400000.0,2400000.0,2400000.0,2400000.0,2400000.0]
03-22 14:44:17.920 13911 13947 V Benchmark_thread:  experimient_charge_counters =[4032000.0, 4032000.0, 4032000.0, 4032000.0, 4032000.0, 4032000.0, 4032000.0, 4032000.0, 4032000.0, 4032000.0, 4032000.0, 4032000.0, 4032000.0, 4032000.0, 4032000.0, 4032000.0, 4032000.0, 4032000.0, 4032000.0, 4029177.0]


















testing from /sys/devices/platform/soc/soc:google,battery/power_supply/battery/charge_counter
